1.5849625007211563
1.6830729346324929
0.8948043177448542
2.8178079747826112
1.6535619319651913
1.0581588559970447
1.9019550008653876
0.7400879436282184
1.1720671786825556
1.596660747063368
2.102193843612569
1.67298250033654
1.6363636363636365
2.3529411764705883
0.9767226489021295
1.9019550008653876
0.8866720169257578
2.980109594545441
0.6003033652393924
2.441112219199062
1.0409367241052576
1.699171005377434
1.4650839733531946
2.016061112072653
1.7699697972681605
2.102855340107665
1.9890924675433357