6.887578243315168e-155
0.2214977809137774
2.3512741163947404e-78
0.5253819788848316
3.8245273678543377e-78
1.2778269941762074e-231
9.013778876140909e-155
9.418382295637229e-232
7.053663163619216e-155
5.541564466373977e-155
7.375915475124517e-155
0.195647514979229
0.3155984539112945
0.5129497107827519
7.037665902069411e-155
4.986094240050794e-78
2.2300401552695747e-78
3.9296260754938844e-78
6.072910347203158e-155
0.18868055559179994
6.333134513676991e-155
5.487681506256249e-155
0.6026080978557137
4.797597231912944e-78
0.1797645142876138
7.08682304420911e-155
4.76549352050511e-78