7.241926111174567e-155
3.271341557643298e-78
4.298631483271809e-155
0.474954953300978
4.323467490569e-78
1.0977058971259433e-231
9.013778876140909e-155
1.2183324802375697e-231
5.287667392736108e-155
7.855726910762709e-155
7.93313258175222e-155
7.57965434483665e-155
0.3672056269893592
0.22637359354764466
5.223533056060786e-155
4.856474469839072e-78
4.431329581760117e-155
4.564398668839131e-78
1.0709749285266912e-231
0.3390387389794623
1.1077199809555581e-231
5.681968389717772e-155
4.2224216322140875e-78
4.797597231912944e-78
0.18519747038795875
0.2788569356565234
0.22537412722674852